+----------------+----------------------+-----------------------------+
| establishments | got_a_postcode_match | rated_with_lsoa_deprivation |
+----------------+----------------------+-----------------------------+
|         608982 |               503731 |                      369767 |
+----------------+----------------------+-----------------------------+
+------------+----------------+------------+-------------+-------------------+
| imd_decile | rated_premises | avg_rating | pct_rated_5 | avg_hygiene_score |
+------------+----------------+------------+-------------+-------------------+
|          1 |          45332 |      4.453 |        69.2 |              3.56 |
|          2 |          42949 |      4.495 |        70.3 |              3.42 |
|          3 |          44121 |      4.526 |        72.2 |              3.38 |
|          4 |          43576 |      4.571 |        74.3 |              3.31 |
|          5 |          40063 |      4.643 |        77.5 |              3.05 |
|          6 |          38720 |      4.665 |        78.6 |              3.01 |
|          7 |          35156 |      4.705 |        80.6 |              2.87 |
|          8 |          30763 |      4.695 |        80.3 |              2.83 |
|          9 |          27760 |      4.706 |        80.5 |              2.88 |
|         10 |          21327 |      4.725 |        81.6 |              2.85 |
+------------+----------------+------------+-------------+-------------------+
+---------------+-----------+
| domain        | pearson_r |
+---------------+-----------+
| IMD (overall) |    -0.104 |
| Income        |    -0.109 |
| Employment    |    -0.074 |
| Education     |    -0.063 |
| Health        |    -0.064 |
| Crime         |    -0.111 |
| Barriers      |    -0.038 |
| Living env.   |    -0.083 |
+---------------+-----------+
+------------+----------+------------+-------------------+
| imd_decile | premises | population | premises_per_1000 |
+------------+----------+------------+-------------------+
|          1 |    51007 |    5394816 |              9.45 |
|          2 |    47718 |    5512051 |              8.66 |
|          3 |    48931 |    5628403 |              8.69 |
|          4 |    48179 |    5579079 |              8.64 |
|          5 |    44627 |    5525827 |              8.08 |
|          6 |    42851 |    5556757 |              7.71 |
|          7 |    38690 |    5409036 |              7.15 |
|          8 |    33870 |    5422910 |              6.25 |
|          9 |    30496 |    5377675 |              5.67 |
|         10 |    23215 |    5321650 |              4.36 |
+------------+----------+------------+-------------------+
